57572537
80841308
80841296
80841290
80841274
80841263
80841255
80841241
80841220
80841200
80841181
80841159
80760746
80706829
80703365
80690367
80535029
80350704
80097062
79910662
57572537
80841308
80841296
80841290
80841274
80841263
80841255
80841241
80841220
80841200
80841181
80841159
80760746
80706829
80703365
80690367
80535029
80350704
80097062
79910662
79380220
79145660
79038910
79016838
78895735
78879311
78873361
78865921
78856163
78850496
78843387
78842597
78823014
78803493
78789932
78784180
78762554
78754419
78753940
78655037
78522691
78519747
78519416
78499252
78489552
78488656
78481490
78460273
78454761
78449565
78447425
78445267
78445047
78439697
78439337
78438788
78435703
78434813
78434398
78432750
78329625
78328698
78271396
78233669
78114436
78113661
78085318
78062843
78055768
78053640
77990130
77934448
77931563
77879328
77867583
77799057
77606321
77606216
77604490
77603537
77602914
77601761
77601270
77600798
77585205
77584701
77575077
77506388
77344476
77320564
77164527
77002405
76851431
76685839
76638178
76618875
76609114
76588993
76582074
76576487
76571742
76522558
76512416
75011914
73930774
73866527
73793635
73309396
73129259
72650409
72271887
72236725
71557042
71521964
71516615
71420678
71305579
71159383
71158261
60476466
59174809
59110681
58658254
58623987
58623587
58075105
57567538
57543682
57503806
57423282
57421470
57418830
57415408
57414420
57412461
56842654
56685306
56479884
56291782
54931379
54907870
54602753
54581896
54574049
54173777
54140095
54096508
54015858
53213167
53202276
53199436
53171614
53171052
53128484
53128414
53128157
53098549
52995053
52690976
52262315
52229031
52190511
52162768
51835368
51775180
51742890
51673681
51661222
51649359
51649074
51647664
51596404
51583344
51555590
51555510
51506640
51497604
51483844
51462219
51461420
51459550
51424587
51396410
51378593
51221622
51177863
51162737
51005911
50925094
50923473
50914519
50911888
50905612
50903374
50902689
50894602
50888014
50887529
50886680
50877720
50851192
50813881
50811739
50811589
50786305
50538323
50498431
50453242
50440290
50381720
50315437
50312983
50288383
50143507
50125131
50074339
50056111
49908571
49907265
49903427
49890953
49889757
49888685
49869857
49848905
49847439
49797311
49786197
49666469
49641069
49618755
49563817
49446887
49404789
49335365
49252299
49247665
49181913
49179611
49121631
49096583
48713879
48679391
48436351
48374209
48370357
48369601
48346593
48343547
48341023
48340613
48319551
48318723
48315833
48289647
48267011
48246393
48241455
48240571
48211597
